# DES Document 5847-v1
# Asahi measured area-weighted response [u filter], for the other filters, area-weighted response [in pass band], witness sample measurements [out of pass band]
# wavelength(nm), DECam-u, DES-g, DES-r, DES-i, DES-z, DES-Y
300,0.13401776,0.00082373,0.00089314,0.00200531,0.00221552,0.00052440
301,0.10761069,0.00105835,0.00099687,0.00227989,0.00221496,0.00072794
302,0.08801897,0.00130958,0.00073010,0.00206938,0.00260144,0.00037700
303,0.15126038,0.00103889,0.00083431,0.00209648,0.00217149,0.00042126
304,2.11805728,0.00108156,0.00117723,0.00224326,0.00227966,0.00060362
305,8.55043000,0.00114917,0.00078745,0.00204182,0.00251759,0.00041272
306,18.55345172,0.00112372,0.00067501,0.00201045,0.00231644,0.00037081
307,28.39175862,0.00100750,0.00091417,0.00229288,0.00247387,0.00065338
308,32.97253103,0.00129587,0.00072511,0.00213423,0.00263897,0.00047711
309,36.49960690,0.00105287,0.00070780,0.00200811,0.00231014,0.00047260
310,40.44250690,0.00110656,0.00073470,0.00201879,0.00223954,0.00051658
311,48.22088966,0.00116146,0.00101573,0.00206739,0.00204098,0.00067809
312,54.98317586,0.00095611,0.00096818,0.00215034,0.00213190,0.00047815
313,59.29270000,0.00111751,0.00083700,0.00205281,0.00228641,0.00090229
314,63.87615517,0.00089938,0.00075936,0.00215362,0.00223035,0.00118929
315,67.57535172,0.00108569,0.00081611,0.00217301,0.00227717,0.00118790
316,69.58726552,0.00082586,0.00075423,0.00236034,0.00247652,0.00074904
317,70.05563448,0.00096553,0.00069801,0.00227490,0.00247934,0.00102548
318,72.60301034,0.00095659,0.00093826,0.00224198,0.00248738,0.00118293
319,76.78950345,0.00086299,0.00089253,0.00195791,0.00273667,0.00183557
320,79.91230345,0.00098551,0.00100800,0.00194184,0.00285365,0.00150673
321,81.39916897,0.00095817,0.00076177,0.00193740,0.00326519,0.00131143
322,82.51021724,0.00076383,0.00060978,0.00213341,0.00333574,0.00165662
323,82.79112759,0.00087360,0.00073559,0.00244781,0.00274442,0.00181180
324,83.62266207,0.00101095,0.00089449,0.00215108,0.00274968,0.00098581
325,85.05311034,0.00094950,0.00071708,0.00195036,0.00320030,0.00053444
326,86.60012759,0.00102636,0.00075762,0.00202494,0.00323955,0.00073975
327,87.72194828,0.00103958,0.00069141,0.00193885,0.00360093,0.00087438
328,87.75521034,0.00085790,0.00070840,0.00192710,0.00484734,0.00114679
329,88.23660690,0.00084925,0.00085711,0.00221708,0.00570214,0.00182929
330,89.69900345,0.00095538,0.00063161,0.00200713,0.00464375,0.00201358
331,89.91213103,0.00098186,0.00066862,0.00209862,0.00294743,0.00143093
332,88.26274138,0.00117095,0.00062283,0.00195958,0.00285625,0.00100138
333,87.94605862,0.00109008,0.00070020,0.00228759,0.00293500,0.00064196
334,86.50103103,0.00096287,0.00110905,0.00201054,0.00356332,0.00060212
335,87.09282069,0.00116544,0.00078635,0.00212356,0.00430676,0.00072409
336,89.22980000,0.00097093,0.00055458,0.00206565,0.00572151,0.00067865
337,89.39863793,0.00109049,0.00059578,0.00196463,0.00939135,0.00071318
338,90.01431724,0.00112035,0.00072521,0.00189970,0.01161824,0.00081692
339,90.06870690,0.00092671,0.00057677,0.00188572,0.00916503,0.00071341
340,90.91314828,0.00103101,0.00062354,0.00204538,0.00517608,0.00050416
341,90.94965517,0.00110515,0.00051747,0.00222852,0.00352775,0.00081255
342,89.79950690,0.00085080,0.00029672,0.00202459,0.00298517,0.00064781
343,89.65222414,0.00092355,0.00087686,0.00202883,0.00310637,0.00092529
344,90.79390000,0.00095603,0.00041268,0.00201607,0.00387387,0.00068509
345,92.25185172,0.00091148,0.00055913,0.00209246,0.00493819,0.00057982
346,93.52420690,0.00097622,0.00046211,0.00207120,0.00506313,0.00070144
347,93.31998276,0.00099846,0.00035948,0.00201395,0.00717934,0.00058140
348,92.48095172,0.00091137,0.00056823,0.00195009,0.01147302,0.00044775
349,91.94042414,0.00019845,-0.00015724,0.00139209,0.01121881,-0.00012351
350,91.87100690,0.00095454,0.00029607,0.00202134,0.00685885,0.00046456
351,91.82248621,0.00115923,0.00040308,0.00215770,0.00344761,0.00040669
352,91.59363448,0.00124898,0.00075371,0.00185958,0.00305463,0.00036023
353,91.11458966,0.00113666,0.00034031,0.00213276,0.00255498,0.00081996
354,91.32047241,0.00079267,0.00055704,0.00197469,0.00229233,0.00086694
355,92.51813103,0.00090492,0.00075508,0.00182468,0.00282469,0.00038254
356,94.30571379,0.00099786,0.00045056,0.00203159,0.00290906,0.00047894
357,94.68775862,0.00101938,0.00080375,0.00211942,0.00256943,0.00045991
358,93.76113448,0.00125419,0.00071586,0.00180836,0.00264448,0.00015178
359,92.80148276,0.00088854,0.00045725,0.00204756,0.00253422,0.00054255
360,92.03501724,0.00107597,0.00063042,0.00184587,0.00211026,0.00031849
361,91.71674828,0.00100115,0.00058530,0.00233233,0.00219543,0.00020764
362,92.35454138,0.00108732,0.00033311,0.00255333,0.00243912,0.00042184
363,93.67914483,0.00100281,0.00050812,0.00222879,0.00196836,0.00073185
364,94.33562759,0.00094039,0.00039824,0.00251878,0.00242411,0.00036652
365,94.13703448,0.00096792,0.00048195,0.00236980,0.00285224,0.00112983
366,94.90835172,0.00096552,0.00066456,0.00228326,0.00310740,0.00063463
367,95.51185862,0.00096695,0.00060289,0.00232014,0.00287775,0.00061478
368,95.65976897,0.00087180,0.00040762,0.00218468,0.00254741,0.00042060
369,95.53958621,0.00101600,0.00069099,0.00189491,0.00294368,0.00044409
370,95.11995862,0.00104295,0.00053561,0.00199325,0.00278403,0.00097789
371,94.74297931,0.00104264,0.00035057,0.00215796,0.00237636,0.00077070
372,94.50001034,0.00083364,0.00053144,0.00186505,0.00232212,0.00061786
373,94.47979310,0.00111626,0.00050147,0.00207687,0.00253403,0.00050180
374,95.04814828,0.00097879,0.00056444,0.00204492,0.00268398,0.00108211
375,95.83081724,0.00107340,0.00026340,0.00203649,0.00263721,0.00235473
376,96.30082069,0.00099782,0.00058417,0.00177165,0.00288780,0.00356588
377,96.42297931,0.00103053,0.00054044,0.00191542,0.00250666,0.00367582
378,96.39663103,0.00093661,0.00051333,0.00197688,0.00216950,0.00268973
379,96.57931034,0.00076629,0.00034873,0.00196074,0.00189873,0.00138027
380,96.66980345,0.00103790,0.00057007,0.00177895,0.00221834,0.00083035
381,96.67121034,0.00108380,0.00062952,0.00202451,0.00245955,0.00029668
382,96.27355172,0.00112166,0.00039949,0.00205772,0.00224621,0.00047765
383,95.58789310,0.00097768,0.00055288,0.00176744,0.00227470,0.00044366
384,95.06426897,0.00145383,0.00058724,0.00204952,0.00195541,0.00037632
385,94.88612414,0.00243302,0.00077358,0.00186589,0.00268963,0.00040862
386,95.13297931,0.00367021,0.00065185,0.00180389,0.00291577,0.00028033
387,95.71766207,0.00458996,0.00069610,0.00196843,0.00332017,0.00074050
388,96.31732759,0.00646509,0.00042098,0.00200847,0.00294942,0.00048201
389,96.84911724,0.01149685,0.00070514,0.00186142,0.00284304,0.00039322
390,96.99111034,0.02877554,0.00112627,0.00209705,0.00249474,0.00051526
391,97.06504828,0.10569174,0.00151931,0.00200258,0.00225800,0.00032357
392,96.81185172,0.35516900,0.00161703,0.00205071,0.00229387,0.00047796
393,96.63681724,1.00564969,0.00143131,0.00210428,0.00217382,0.00034492
394,96.51987241,2.92234802,0.00133480,0.00185974,0.00223610,0.00040928
395,96.11457241,10.02316241,0.00093091,0.00192902,0.00226172,0.00024532
396,95.97025517,19.55565517,0.00147937,0.00208291,0.00211182,0.00045141
397,94.71630345,32.97045517,0.00275489,0.00215342,0.00216781,0.00026783
398,85.95750000,47.30148276,0.00440033,0.00191119,0.00257407,0.00036737
399,63.97785172,60.94654483,0.00636034,0.00238228,0.00251710,0.00048240
400,35.92626552,73.08908276,0.00583158,0.00336677,0.00225137,0.00015441
401,15.10747172,81.20770000,0.00319936,0.00418204,0.00211172,0.00032273
402,5.33974448,84.91604483,0.00112830,0.00480203,0.00188400,0.00033833
403,2.04279034,86.03278276,0.00101440,0.00495972,0.00166194,0.00028062
404,0.89868959,86.88612759,0.00077651,0.00609052,0.00205098,0.00022092
405,0.41458900,87.26447586,0.00073378,0.00775889,0.00199955,0.00021132
406,0.20807424,87.49566207,0.00081795,0.00815577,0.00179522,0.00040328
407,0.11010031,87.70112759,0.00121963,0.00674113,0.00213135,0.00036000
408,0.05771183,87.86204483,0.00141666,0.00589929,0.00209546,0.00045216
409,0.03360641,87.93568621,0.00123111,0.00592998,0.00205534,0.00012589
410,0.02115652,87.96699310,0.00074529,0.00772778,0.00200610,0.00029640
411,0.01387476,87.99443793,0.00046847,0.01021578,0.00197619,0.00043219
412,0.00813465,87.92328621,0.00047498,0.01063406,0.00198076,0.00029206
413,0.00610193,87.76637931,0.00049269,0.00812732,0.00191826,0.00025060
414,0.00383445,87.68468966,0.00072451,0.00621707,0.00188403,0.00035341
415,0.00260776,87.86452414,0.00122836,0.00645057,0.00193726,0.00027943
416,0.00182824,88.14412759,0.00233487,0.00603450,0.00179322,0.00021146
417,0.00181734,88.41967241,0.00224386,0.00470619,0.00161007,0.00055145
418,0.00138410,88.72662414,0.00157207,0.00414181,0.00199771,0.00054734
419,0.00137934,88.98606897,0.00112348,0.00427978,0.00201551,0.00029255
420,0.00087362,89.02400690,0.00116139,0.00475494,0.00149316,0.00056706
421,0.00112765,88.84661034,0.00130961,0.00622417,0.00186440,0.00051162
422,0.00099293,88.70791724,0.00238702,0.00767551,0.00194369,0.00040275
423,0.00115555,88.63393103,0.00385404,0.00900615,0.00183506,0.00055118
424,0.00094645,88.63782414,0.00404442,0.01159688,0.00179152,0.00056739
425,0.00112172,88.75926207,0.00233449,0.01435162,0.00175587,0.00054762
426,0.00110034,89.01743448,0.00098521,0.01390854,0.00201885,0.00198476
427,0.00108617,89.23626552,0.00018908,0.00893706,0.00202702,0.00399321
428,0.00116066,89.37482069,0.00031752,0.00417602,0.00172733,0.00524905
429,0.00092562,89.52267931,0.00048498,0.00276748,0.00185917,0.00451631
430,0.00130559,89.69563793,0.00144665,0.00226357,0.00174164,0.00252284
431,0.00119897,89.78473103,0.00209200,0.00217063,0.00183306,0.00143733
432,0.00092824,89.71944483,0.00133381,0.00233654,0.00215025,0.00061673
433,0.00096093,89.66303103,0.00062420,0.00237619,0.00183899,0.00061344
434,0.00077490,89.64353448,0.00052033,0.00272671,0.00205208,0.00041282
435,0.00105700,89.62855172,0.00013840,0.00351678,0.00194975,0.00024677
436,0.00078800,89.62520345,0.00051307,0.00389738,0.00204999,0.00048494
437,0.00081879,89.74268966,0.00115804,0.00295083,0.00189774,0.00037863
438,0.00076810,89.99773103,0.00181881,0.00200903,0.00182137,0.00001350
439,0.00073403,90.25821379,0.00125636,0.00226437,0.00205632,0.00030917
440,0.00086614,90.48555862,0.00038430,0.00217085,0.00196010,0.00013065
441,0.00076835,90.70656207,0.00111447,0.00224892,0.00179661,0.00054898
442,0.00073059,90.93452759,0.00211430,0.00379447,0.00182875,0.00042377
443,0.00090990,91.08799655,0.00238790,0.00715143,0.00198547,0.00036188
444,0.00057672,91.12642069,0.00137969,0.01140102,0.00176831,0.00011050
445,0.00069662,91.11236207,0.00044421,0.01337397,0.00207003,0.00007950
446,0.00086655,91.09028621,0.00016107,0.01233090,0.00194999,0.00018386
447,0.00067145,91.05067931,0.00025318,0.01137034,0.00205511,-0.00002470
448,0.00066769,90.97112414,0.00020616,0.01099975,0.00230932,0.00038018
449,0.00075262,90.89564138,0.00020500,0.00899242,0.00226571,0.00041920
450,0.00055007,90.86694138,0.00018388,0.00528644,0.00213767,0.00004160
451,0.00066441,90.89437931,0.00052550,0.00299414,0.00205888,0.00032956
452,0.00081669,90.96256207,0.00041271,0.00236241,0.00222108,0.00021336
453,0.00060252,91.05039655,0.00038878,0.00210925,0.00272198,0.00044024
454,0.00076869,91.13614138,0.00027425,0.00206815,0.00395396,-0.00002550
455,0.00061659,91.15906207,0.00055216,0.00210855,0.00529201,0.00020285
456,0.00078397,91.09277931,0.00044892,0.00383600,0.00544962,0.00032179
457,0.00058872,90.97605862,0.00042351,0.00634477,0.00453551,0.00030275
458,0.00072383,90.88653793,0.00009370,0.00590907,0.00358172,0.00040596
459,0.00060655,90.85872414,0.00030407,0.00352842,0.00345285,0.00018986
460,0.00069486,90.90515862,0.00034843,0.00247476,0.00278890,0.00031069
461,0.00068907,91.01503103,0.00051460,0.00203116,0.00255399,0.00013700
462,0.00075586,91.16162759,0.00043077,0.00216816,0.00214460,0.00024974
463,0.00060062,91.30620345,0.00038925,0.00188500,0.00218201,0.00017538
464,0.00053786,91.40290345,0.00019831,0.00202320,0.00206187,0.00012468
465,0.00056666,91.43215517,0.00041294,0.00180403,0.00222913,0.00023582
466,0.00078535,91.38931034,0.00043993,0.00188596,0.00231079,0.00003970
467,0.00062259,91.26862759,0.00033870,0.00181377,0.00257817,0.00020768
468,0.00075466,91.07275517,0.00042233,0.00204814,0.00281947,0.00008320
469,0.00052914,90.82714828,0.00033570,0.00242217,0.00301960,0.00023058
470,0.00060141,90.59416897,0.00023294,0.00434727,0.00310843,0.00016969
471,0.00046976,90.45363448,0.00006040,0.00783451,0.00334479,0.00018143
472,0.00057666,90.42982069,0.00021765,0.00870643,0.00328848,-0.00006310
473,0.00044652,90.51873793,0.00023168,0.00622909,0.00301847,0.00017707
474,0.00062021,90.69572069,0.00028254,0.00360367,0.00269445,0.00024985
475,0.00049921,90.89704483,0.00028265,0.00247545,0.00209333,0.00031091
476,0.00053562,91.07421379,0.00027897,0.00256776,0.00233735,0.00039105
477,0.00039269,91.16083103,0.00020602,0.00277030,0.00217765,0.00027908
478,0.00053962,91.14034483,0.00034237,0.00279969,0.00232941,0.00024025
479,0.00053600,91.05272759,-0.00004230,0.00289052,0.00229867,0.00022126
480,0.00047286,90.96230000,0.00018272,0.00297823,0.00229373,0.00031762
481,0.00057614,90.89357586,0.00024910,0.00306496,0.00231267,0.00041963
482,0.00039845,90.84139655,0.00016023,0.00349302,0.00204850,0.00039446
483,0.00034621,90.77604138,0.00052737,0.00386324,0.00231751,0.00039851
484,0.00044600,90.67296207,0.00030183,0.00395917,0.00211294,0.00006260
485,0.00040269,90.53666897,0.00048529,0.00335356,0.00187729,0.00032801
486,0.00051145,90.39465172,0.00033113,0.00301932,0.00193832,0.00014124
487,0.00039000,90.30919655,0.00028248,0.00443058,0.00171327,0.00023559
488,0.00046245,90.34268621,0.00025164,0.01082195,0.00185298,0.00029750
489,0.00041924,90.51257586,0.00030271,0.01672908,0.00163473,0.00027897
490,0.00044076,90.76255172,0.00010235,0.01250585,0.00177163,0.00045221
491,0.00037745,90.95983793,0.00013113,0.00504151,0.00176196,0.00109963
492,0.00043372,90.98217241,0.00006100,0.00280447,0.00195973,0.00154094
493,0.00044997,90.81685517,0.00004550,0.00290832,0.00191119,0.00121086
494,0.00041566,90.53397241,0.00004140,0.00342026,0.00215803,0.00077431
495,0.00047559,90.24956207,0.00012798,0.00478034,0.00218123,0.00074757
496,0.00039945,90.08236207,0.00020177,0.00741625,0.00207113,0.00050780
497,0.00032859,90.10976207,0.00012919,0.01258975,0.00206786,0.00030634
498,0.00041597,90.30010345,0.00002250,0.01695585,0.00205836,0.00032787
499,0.00039976,90.56425862,0.00009420,0.01363018,0.00190330,0.00056857
500,0.00040514,90.79928276,0.00010369,0.00654740,0.00175342,0.00144106
501,0.00036876,90.93379310,0.00004360,0.00275111,0.00193574,0.00213018
502,0.00039959,90.97737931,0.00011926,0.00217489,0.00186771,0.00199478
503,0.00042903,90.98694138,0.00025994,0.00198084,0.00179159,0.00100917
504,0.00039417,90.99912069,0.00032886,0.00198338,0.00177096,0.00054495
505,0.00038341,91.02797586,0.00029605,0.00201095,0.00176485,0.00038394
506,0.00029441,91.06998276,0.00019276,0.00209053,0.00169030,0.00036387
507,0.00040334,91.10912414,0.00031550,0.00228230,0.00184240,0.00016928
508,0.00050707,91.12926207,0.00030776,0.00274985,0.00178589,0.00008540
509,0.00041800,91.10874828,0.00021006,0.00294604,0.00198147,0.00020149
510,0.00029634,91.01865172,0.00017446,0.00317378,0.00218827,0.00024492
511,0.00052152,90.83905517,0.00031103,0.00300047,0.00197797,0.00025950
512,0.00063634,90.58448621,0.00017816,0.00316867,0.00199512,0.00027821
513,0.00081262,90.32511724,0.00001290,0.00303433,0.00185643,0.00008820
514,0.00079648,90.16713793,0.00012467,0.00290581,0.00197014,0.00039346
515,0.00067621,90.17557586,-0.00005080,0.00276501,0.00221701,0.00019114
516,0.00054552,90.34006552,0.00010614,0.00240518,0.00235766,0.00023054
517,0.00040541,90.57765172,0.00016630,0.00227454,0.00223645,0.00016609
518,0.00043283,90.78035172,0.00018389,0.00221060,0.00253340,0.00013406
519,0.00044741,90.89528621,0.00038581,0.00244035,0.00266102,0.00032641
520,0.00065465,90.93276897,0.00006160,0.00241187,0.00317026,0.00012250
521,0.00064024,90.94543103,0.00008980,0.00292063,0.00353836,0.00012388
522,0.00066562,90.99393448,0.00029084,0.00315999,0.00373803,0.00011214
523,0.00063103,91.11501379,0.00012507,0.00322706,0.00361351,0.00013391
524,0.00072938,91.28736207,0.00021059,0.00287697,0.00337024,0.00027535
525,0.00078190,91.46653448,0.00038040,0.00248312,0.00272628,0.00038649
526,0.00086372,91.59938276,0.00035250,0.00247140,0.00225114,0.00066208
527,0.00083459,91.64650000,0.00035024,0.00300538,0.00208499,0.00086493
528,0.00078559,91.61121034,0.00039788,0.00319258,0.00202319,0.00129900
529,0.00087100,91.52126552,0.00030166,0.00316060,0.00193816,0.00220021
530,0.00073469,91.41046897,0.00039911,0.00278570,0.00192146,0.00244576
531,0.00061865,91.30928276,0.00053481,0.00244284,0.00185505,0.00153325
532,0.00055097,91.23495862,0.00029628,0.00239946,0.00182721,0.00067826
533,0.00051493,91.18558276,0.00029297,0.00261014,0.00202891,0.00057832
534,0.00052759,91.17791034,0.00034693,0.00303268,0.00234360,0.00048625
535,0.00047114,91.21118276,0.00027167,0.00331278,0.00229022,0.00067539
536,0.00075286,91.22180345,0.00035735,0.00313362,0.00266816,0.00078741
537,0.00069472,91.09017931,0.00038995,0.00258605,0.00365973,0.00113569
538,0.00074948,90.68825862,0.00038400,0.00211027,0.00396693,0.00100902
539,0.00085155,90.03992414,0.00031224,0.00192547,0.00342678,0.00079829
540,0.00079135,89.33193448,0.00038342,0.00187050,0.00270025,0.00065722
541,0.00063872,88.77675862,0.00038890,0.00187251,0.00222284,0.00038571
542,0.00085859,88.50789310,0.00048896,0.00192834,0.00228749,0.00028740
543,0.00084248,88.42254138,0.00053069,0.00186315,0.00237568,0.00030599
544,0.00079135,87.78867586,0.00044290,0.00204199,0.00240497,0.00044008
545,0.00080407,84.20556552,0.00048144,0.00248941,0.00241926,0.00038434
546,0.00082072,76.08444138,0.00055689,0.00269679,0.00265767,0.00041323
547,0.00089862,63.66705862,0.00055918,0.00265815,0.00243815,0.00013631
548,0.00091869,48.93305172,0.00065536,0.00236074,0.00254192,0.00019548
549,0.00079497,33.56917241,0.00086449,0.00193927,0.00226551,0.00034004
550,0.00097310,19.97440345,0.00120109,0.00184995,0.00214540,0.00023853
551,0.00097321,10.40014862,0.00165092,0.00191560,0.00225190,0.00070281
552,0.00089717,5.28181483,0.00232810,0.00178712,0.00224761,0.00130232
553,0.00082610,3.04963931,0.00340530,0.00174848,0.00216961,0.00188628
554,0.00068766,1.99418862,0.00546306,0.00170167,0.00190500,0.00166935
555,0.00070403,1.47255379,0.00925134,0.00177987,0.00206420,0.00100029
556,0.00074600,0.06147254,0.01617856,0.00178350,0.00200546,0.00118263
557,0.00063117,0.03459481,0.02935513,0.00176079,0.00208441,0.00238494
558,0.00071497,0.02158480,0.05542036,0.00239009,0.00220278,0.00414710
559,0.00091862,0.01479393,0.10773507,0.00329291,0.00194444,0.00410045
560,0.00087503,0.01078282,0.21847904,0.00336166,0.00204787,0.00280682
561,0.00082790,0.00800601,0.46435577,0.00239371,0.00202185,0.00196097
562,0.00061841,0.00567709,1.04065681,0.00179073,0.00193646,0.00191153
563,0.00077503,0.00397760,5.02462586,0.00176991,0.00188857,0.00222267
564,0.00108079,0.00251106,9.64487552,0.00169628,0.00180061,0.00223220
565,0.00117338,0.00157500,17.77633828,0.00180175,0.00210820,0.00170691
566,0.00073131,0.00126987,29.44712759,0.00166358,0.00209019,0.00120756
567,0.00033838,0.00078902,43.28254828,0.00180708,0.00273612,0.00045469
568,0.00037659,0.00075385,57.24347586,0.00166796,0.00484548,0.00041558
569,0.00030924,0.00056770,69.62389655,0.00183286,0.01315236,0.00015632
570,0.00037100,0.00071679,78.96102414,0.00171235,0.02107118,0.00021098
571,0.00035100,0.00061423,84.51206552,0.00167932,0.01572049,0.00037720
572,0.00039659,0.00065270,86.98995862,0.00171104,0.00540595,0.00040612
573,0.00037476,0.00055750,87.85992069,0.00168864,0.00207618,0.00045889
574,0.00030907,0.00038861,88.31802759,0.00186651,0.00161317,0.00050524
575,0.00059269,0.00038132,88.62942069,0.00206718,0.00179939,0.00060254
576,0.00118938,0.00051583,88.86687241,0.00201949,0.00184910,0.00056853
577,0.00111272,0.00014974,89.05505172,0.00169979,0.00191312,0.00052220
578,0.00057828,0.00022873,89.21154483,0.00171220,0.00195537,0.00015955
579,0.00020914,0.00022604,89.35936897,0.00162860,0.00191393,0.00029335
580,0.00024003,0.00029435,89.51229655,0.00178920,0.00184341,0.00052399
581,0.00030197,0.00026869,89.68926897,0.00164050,0.00188059,0.00047374
582,0.00032907,0.00023575,89.88398966,0.00162547,0.00207764,0.00017086
583,0.00031990,0.00018236,90.06247241,0.00160471,0.00187312,0.00015791
584,0.00024907,0.00013216,90.17368621,0.00169476,0.00186459,0.00029815
585,0.00042724,0.00032242,90.17257586,0.00159510,0.00164213,0.00034234
586,0.00028903,0.00026794,90.05232069,0.00155968,0.00193582,0.00033939
587,0.00030724,0.00036181,89.85622414,0.00180405,0.00172551,0.00035689
588,0.00028724,0.00011542,89.64596552,0.00154343,0.00177848,0.00065897
589,0.00037083,0.00033053,89.48221034,0.00173086,0.00180405,0.00051575
590,0.00055790,0.00013898,89.43586897,0.00183883,0.00173591,0.00054802
591,0.00082152,0.00016005,89.50094483,0.00164719,0.00231311,0.00062138
592,0.00055600,0.00024523,89.64693793,0.00177433,0.00224933,0.00090430
593,0.00029272,0.00034296,89.81586207,0.00152947,0.00248244,0.00138953
594,0.00029438,0.00018039,89.94307586,0.00174755,0.00195244,0.00264160
595,0.00033624,0.00026412,89.98977241,0.00156810,0.00206419,0.00476528
596,0.00030352,0.00011218,89.98456897,0.00162471,0.00179483,0.00546608
597,0.00037793,0.00025558,89.95856207,0.00146970,0.00180221,0.00340058
598,0.00041048,0.00018682,89.95397931,0.00154893,0.00160210,0.00147229
599,0.00031076,-0.00005990,90.00658966,0.00162948,0.00194987,0.00076549
600,0.00030886,-0.00000292,90.11700000,0.00156295,0.00191049,0.00055812
601,0.00036700,0.00009060,90.24140345,0.00171658,0.00192431,0.00038404
602,0.00034335,0.00009490,90.34736897,0.00155568,0.00192429,0.00052904
603,0.00032521,-0.00006120,90.41887241,0.00163926,0.00212068,0.00032921
604,0.00038517,0.00005260,90.44844483,0.00146278,0.00156973,0.00031190
605,0.00046486,0.00010725,90.42134828,0.00172094,0.00176000,0.00016773
606,0.00061938,-0.00002220,90.35553448,0.00156813,0.00191263,0.00034777
607,0.00052845,0.00017958,90.25151379,0.00161014,0.00209145,0.00024752
608,0.00032145,0.00019946,90.14195862,0.00167948,0.00239155,0.00023400
609,0.00039941,0.00018261,90.07835862,0.00173487,0.00237130,0.00034012
610,0.00039031,0.00025259,90.09394483,0.00170429,0.00239888,0.00010624
611,0.00038666,0.00021653,90.19052069,0.00158213,0.00227079,0.00001600
612,0.00033966,0.00012324,90.34961379,0.00160053,0.00244284,-0.00006610
613,0.00046655,0.00008750,90.52041034,0.00172972,0.00212417,0.00004940
614,0.00043028,0.00006460,90.65736897,0.00160963,0.00198067,-0.00003230
615,0.00032131,0.00019686,90.76070000,0.00172544,0.00162866,-0.00011098
616,0.00026321,-0.00001320,90.80939310,0.00158062,0.00169277,0.00006940
617,0.00030676,-0.00000042,90.83064138,0.00158829,0.00163885,0.00005390
618,0.00039197,0.00013299,90.82023793,0.00165345,0.00171411,0.00041545
619,0.00044641,0.00006320,90.77286552,0.00165247,0.00181742,0.00070730
620,0.00030835,0.00013862,90.72429655,0.00163369,0.00186295,0.00113113
621,0.00033021,0.00007310,90.68452414,0.00160194,0.00183307,0.00099289
622,0.00037010,0.00005810,90.66027586,0.00156900,0.00199815,0.00061484
623,0.00040641,0.00017849,90.65473793,0.00150477,0.00201773,0.00029884
624,0.00029748,0.00004300,90.66573448,0.00144895,0.00207069,0.00014667
625,0.00038445,0.00009440,90.68538966,0.00169537,0.00204334,0.00014760
626,0.00045355,0.00002070,90.71123103,0.00169068,0.00190486,-0.00001290
627,0.00041883,0.00006290,90.73680000,0.00158073,0.00180562,0.00030562
628,0.00041159,0.00000855,90.76831724,0.00158460,0.00193233,0.00010627
629,0.00038076,0.00012618,90.80968966,0.00154826,0.00191367,0.00012940
630,0.00039155,0.00004580,90.84752414,0.00163914,0.00197130,0.00010967
631,0.00033545,-0.00001840,90.85881034,0.00152161,0.00187458,0.00020849
632,0.00048207,0.00007040,90.83367241,0.00155102,0.00179707,0.00027652
633,0.00027910,-0.00003550,90.79439655,0.00150476,0.00166981,0.00026386
634,0.00043662,0.00012258,90.77531724,0.00164343,0.00193177,0.00046845
635,0.00034610,0.00011675,90.79726207,0.00156781,0.00182287,0.00031123
636,0.00031710,-0.00002410,90.85084138,0.00143019,0.00179644,0.00032190
637,0.00032438,-0.00003300,90.92922414,0.00162311,0.00195058,0.00016053
638,0.00043855,0.00006690,91.00538276,0.00159850,0.00174420,0.00029667
639,0.00042403,-0.00007960,91.05300345,0.00169699,0.00168729,0.00043601
640,0.00044007,0.00012517,91.06507931,0.00155565,0.00142519,0.00152971
641,0.00041834,0.00000737,91.04354828,0.00159124,0.00129406,0.00405949
642,0.00032238,-0.00006340,90.98519310,0.00152222,0.00168842,0.00588070
643,0.00034393,-0.00021007,90.89669310,0.00151650,0.00151589,0.00569870
644,0.00047269,-0.00002890,90.79056897,0.00148259,0.00149034,0.00433060
645,0.00051590,0.00003430,90.67959310,0.00165024,0.00158938,0.00382830
646,0.00045972,0.00007700,90.57593103,0.00163305,0.00178066,0.00310695
647,0.00046879,-0.00005720,90.49120000,0.00158889,0.00211211,0.00207076
648,0.00039990,0.00010901,90.43249310,0.00161430,0.00241098,0.00108677
649,0.00038910,0.00009350,90.39543793,0.00153695,0.00323327,0.00089648
650,0.00035283,0.00019140,90.36687931,0.00166403,0.00327085,0.00045381
651,0.00040334,-0.00004300,90.35856207,0.00163225,0.00262149,0.00055689
652,0.00041959,0.00001090,90.38207586,0.00160460,0.00187014,0.00048268
653,0.00049910,0.00002260,90.45549655,0.00172719,0.00150694,0.00031365
654,0.00048641,0.00002460,90.57683793,0.00171692,0.00160380,0.00041602
655,0.00043935,-0.00003670,90.71334483,0.00163574,0.00163057,0.00066722
656,0.00050079,0.00000045,90.85022759,0.00167883,0.00170668,0.00101683
657,0.00045741,0.00014176,90.96120345,0.00160578,0.00160585,0.00121994
658,0.00050614,0.00013864,91.03460690,0.00174542,0.00167016,0.00138625
659,0.00049331,0.00002270,91.06664483,0.00173740,0.00190328,0.00117359
660,0.00051517,0.00007890,91.05315172,0.00174373,0.00205402,0.00139166
661,0.00060179,-0.00000648,90.98794828,0.00164623,0.00184103,0.00164875
662,0.00048438,0.00001300,90.88048966,0.00176414,0.00171626,0.00140099
663,0.00045714,-0.00000277,90.74894828,0.00176976,0.00157809,0.00080121
664,0.00055997,-0.00010395,90.62268276,0.00190503,0.00163397,0.00032385
665,0.00043366,-0.00003830,90.53629310,0.00182187,0.00148420,0.00019899
666,0.00047314,-0.00010014,90.49042759,0.00191231,0.00142278,0.00008040
667,0.00045324,-0.00007360,90.49622069,0.00199164,0.00191569,0.00004630
668,0.00065362,-0.00006910,90.55428966,0.00213527,0.00172861,0.00006790
669,0.00045314,-0.00010248,90.64627931,0.00227228,0.00177831,0.00029895
670,0.00034845,-0.00004450,90.73685172,0.00249941,0.00187985,0.00036530
671,0.00064431,0.00001740,90.80261034,0.00265715,0.00171979,0.00101340
672,0.00041497,0.00001400,90.83813103,0.00286835,0.00178769,0.00146726
673,0.00041852,-0.00001930,90.83851379,0.00323293,0.00184586,0.00146765
674,0.00053400,-0.00001520,90.80548276,0.00394029,0.00150216,0.00110723
675,0.00056076,-0.00010917,90.75117241,0.00445294,0.00152207,0.00083195
676,0.00051952,-0.00011342,90.67682069,0.00553277,0.00161475,0.00049118
677,0.00055917,0.00000519,90.61724828,0.00702240,0.00175103,0.00028408
678,0.00047228,0.00002230,90.58437931,0.00961807,0.00156001,0.00033233
679,0.00059128,0.00010882,90.57366207,0.01291086,0.00133054,0.00015662
680,0.00043445,0.00008110,90.58082414,0.01754628,0.00169668,0.00037287
681,0.00055503,0.00013911,90.61609310,0.02389917,0.00163312,0.00025986
682,0.00068086,0.00002680,90.66492759,0.03139833,0.00158864,0.00006870
683,0.00062324,-0.00003600,90.70383793,0.04145089,0.00170344,0.00025884
684,0.00052972,0.00006630,90.71874138,0.05351640,0.00164929,0.00014746
685,0.00070255,-0.00006320,90.71682414,0.06864256,0.00166762,0.00037121
686,0.00060303,-0.00005030,90.68843103,0.08990836,0.00178211,0.00066332
687,0.00057245,0.00004460,90.64947241,0.12081496,0.00149062,0.00165256
688,0.00073797,0.00309316,90.60091724,0.16836740,0.00163921,0.00330577
689,0.00066772,0.01131414,90.53341724,0.24343538,0.00156567,0.00450913
690,0.00068921,0.01296091,90.44212759,0.27479041,0.00169247,0.00332179
691,0.00056131,0.00461593,90.33058966,0.29422317,0.00173890,0.00174234
692,0.00061362,-0.00004890,90.20170345,0.31717128,0.00168280,0.00048653
693,0.00062797,0.00006970,90.07676207,0.35038948,0.00183531,0.00019361
694,0.00088621,0.00015275,89.98145172,0.39940721,0.00196167,0.00019093
695,0.00059514,-0.00001820,89.92374483,0.45852745,0.00183015,0.00011425
696,0.00112707,0.00028242,89.89931379,0.53949197,0.00195576,0.00009760
697,0.00126165,0.00061815,89.87543793,0.67255590,0.00178960,0.00013586
698,0.00070631,0.00049621,89.85169310,0.88378562,0.00160735,0.00013053
699,0.00084814,0.00018329,89.84150345,1.20936297,0.00180095,0.00016426
700,0.00064307,0.00023920,89.82400690,1.72160072,0.00159569,0.00023807
701,0.00075634,0.00002870,89.78561724,2.53292621,0.00160927,0.00005030
702,0.00077217,0.00005900,89.69184828,3.76436521,0.00183213,0.00036779
703,0.00078976,0.00022531,89.51576552,5.58102828,0.00158482,0.00044485
704,0.00080069,0.00000343,89.24881724,8.18208690,0.00185550,0.00098280
705,0.00078079,0.00020518,88.90258621,11.76706552,0.00175381,0.00131571
706,0.00074114,0.00013312,88.45118966,16.51810241,0.00154068,0.00095460
707,0.00069797,-0.00000680,87.80864828,22.53172862,0.00191306,0.00063135
708,0.00076572,0.00000172,86.93589310,29.77498103,0.00163353,0.00026892
709,0.00077276,0.00016543,85.89008621,38.04313448,0.00199543,0.00036979
710,0.00094503,0.00009310,84.86402759,46.93459310,0.00167125,0.00022490
711,0.00081755,0.00002630,83.59247241,55.91340345,0.00175242,0.00000223
712,0.00088717,0.00021713,80.98899655,64.44767586,0.00173177,0.00008410
713,0.00083679,0.00004570,75.89820690,72.08728621,0.00184333,0.00006430
714,0.00105348,0.00000822,67.72572069,78.52461724,0.00191097,0.00019862
715,0.00091883,0.00007940,56.92033103,83.61227241,0.00166905,0.00000581
716,0.00104735,0.00008840,44.52626207,87.41121724,0.00173947,0.00026189
717,0.00055855,0.00004890,32.14556207,90.05157586,0.00193729,0.00105028
718,0.00123165,0.00003180,21.48505000,91.72012069,0.00164123,0.00209150
719,0.00160541,-0.00008500,13.73626138,92.63857931,0.00175688,0.00359414
720,0.00178731,-0.00001660,8.73096897,93.05614483,0.00169416,0.00336046
721,0.00178910,0.00003470,5.59190241,93.18977586,0.00177402,0.00196234
722,0.00172790,0.00011634,3.64152310,93.25196552,0.00179271,0.00082327
723,0.00120359,0.00013460,2.42479379,93.39546207,0.00185704,0.00021076
724,0.00122131,0.00000646,1.68273862,93.68806552,0.00168416,0.00029505
725,0.00081162,0.00004090,1.24237593,94.14391724,0.00174363,0.00020643
726,0.00116700,0.00018613,0.93246347,94.71654828,0.00161180,0.00007030
727,0.00081821,0.00002150,0.48173499,95.32242759,0.00165476,0.00017963
728,0.00093238,0.00017796,0.26432481,95.85913793,0.00165720,0.00006240
729,0.00123579,0.00026967,0.15850452,96.23028276,0.00150722,0.00003090
730,0.00085031,0.00019308,0.10376059,96.38273793,0.00168946,0.00037012
731,0.00112655,0.00027773,0.07394312,96.31293103,0.00147289,0.00063897
732,0.00097793,0.00020721,0.05507727,96.05536897,0.00149752,0.00132352
733,0.00096183,-0.00003860,0.04119952,95.67790345,0.00177877,0.00106084
734,0.00107241,-0.00025406,0.02947490,95.27170345,0.00166059,0.00015049
735,0.00104697,0.00015682,0.01921141,94.93681379,0.00181871,-0.00009860
736,0.00108593,-0.00005260,0.01172464,94.74128621,0.00180096,0.00002830
737,0.00137617,-0.00007060,0.00697535,94.71596207,0.00159960,-0.00000885
738,0.00113359,0.00013160,0.00396618,94.85092069,0.00151087,0.00003320
739,0.00121176,-0.00000148,0.00262159,95.10159310,0.00166205,0.00011738
740,0.00087145,0.00017896,0.00197676,95.44270000,0.00169773,0.00046891
741,0.00128648,0.00026819,0.00126410,95.80055517,0.00143694,0.00116775
742,0.00112431,0.00029108,0.00116291,96.11400690,0.00160118,0.00158504
743,0.00111503,0.00046614,0.00096454,96.34994483,0.00162130,0.00075100
744,0.00085503,0.00057101,0.00112291,96.49945517,0.00154108,0.00008980
745,0.00129259,0.00020662,0.00083508,96.55192414,0.00187154,0.00002820
746,0.00110014,0.00005090,0.00108251,96.53577586,0.00173590,0.00014695
747,0.00106090,0.00012945,0.00102506,96.49188621,0.00157185,-0.00004010
748,0.00110297,0.00001450,0.00071519,96.45418966,0.00167883,-0.00006440
749,0.00105462,0.00004760,0.00038970,96.43137931,0.00162266,0.00019240
750,0.00101907,0.00005040,0.00033076,96.45581034,0.00160044,-0.00020668
751,0.00104497,-0.00002730,0.00007790,96.52072414,0.00178357,-0.00023574
752,0.00116907,-0.00027316,-0.00002660,96.60027586,0.00168211,-0.00004250
753,0.00106962,-0.00021699,0.00013466,96.66552069,0.00162246,-0.00032768
754,0.00096069,-0.00002040,-0.00009570,96.70135172,0.00157607,-0.00016554
755,0.00103700,-0.00003430,-0.00018340,96.67971034,0.00189175,-0.00019118
756,0.00125148,-0.00013934,0.00000787,96.58947241,0.00162729,0.00013137
757,0.00114314,-0.00014340,0.00027390,96.43920000,0.00188004,-0.00021068
758,0.00100062,-0.00002810,0.00017248,96.25169655,0.00199542,-0.00023309
759,0.00115962,-0.00004690,-0.00002170,96.04052414,0.00168129,0.00004310
760,0.00132607,0.00020225,0.00010672,95.83984483,0.00172766,0.00007450
761,0.00110045,-0.00006660,0.00019646,95.67350690,0.00205340,-0.00011753
762,0.00117428,-0.00017402,0.00010910,95.55393448,0.00165224,0.00017521
763,0.00138134,0.00004700,0.00026007,95.48279310,0.00150371,-0.00006160
764,0.00114338,0.00001490,0.00028577,95.44214138,0.00182572,0.00005520
765,0.00107414,-0.00004450,0.00015748,95.42172414,0.00180412,0.00005580
766,0.00122259,-0.00005680,0.00001500,95.41733448,0.00171694,0.00026800
767,0.00115500,0.00019534,0.00019000,95.42787241,0.00166217,-0.00005380
768,0.00117741,0.00001410,0.00037773,95.45163793,0.00175410,-0.00006090
769,0.00113803,-0.00011177,0.00017945,95.49212759,0.00203170,-0.00015426
770,0.00136928,0.00013743,-0.00003730,95.56164138,0.00174052,0.00016844
771,0.00142910,-0.00004220,0.00000028,95.68005862,0.00180359,-0.00002470
772,0.00115597,-0.00007730,0.00030459,95.86161034,0.00195096,-0.00009070
773,0.00130065,-0.00005840,0.00004220,96.09609310,0.00161923,-0.00017768
774,0.00132835,0.00004070,0.00007570,96.37149655,0.00175741,0.00011601
775,0.00126269,-0.00010507,0.00026091,96.66424483,0.00163032,-0.00003390
776,0.00157562,-0.00006040,0.00016975,96.94284828,0.00197912,-0.00005910
777,0.00189114,0.00006790,0.00008210,97.17157931,0.00189449,-0.00002970
778,0.00154862,0.00008930,0.00016310,97.30989310,0.00184458,0.00015269
779,0.00155662,-0.00001470,0.00019417,97.37421379,0.00192947,0.00009480
780,0.00165724,0.00005030,0.00004680,97.35250345,0.00200031,0.00005280
781,0.00132652,0.00005620,0.00000334,97.26509655,0.00187343,-0.00013023
782,0.00197017,0.00015182,0.00012353,97.17416552,0.00180497,0.00011985
783,0.00157886,0.00008120,0.00019807,97.09253103,0.00185955,-0.00012646
784,0.00128331,-0.00001140,-0.00000384,97.07275172,0.00203870,0.00000685
785,0.00156648,0.00013589,0.00002240,97.12768966,0.00169603,0.00004780
786,0.00190924,-0.00006250,0.00012897,97.24254828,0.00171130,0.00032259
787,0.00196069,-0.00005520,0.00019117,97.39054828,0.00166867,0.00005180
788,0.00166910,0.00004240,0.00041120,97.52944828,0.00204800,0.00018873
789,0.00144545,0.00022114,0.00010681,97.58355862,0.00172223,0.00003090
790,0.00156441,-0.00007970,0.00003070,97.49710000,0.00165482,0.00011885
791,0.00206755,-0.00002710,0.00024712,97.23624828,0.00152725,-0.00014036
792,0.00188752,-0.00008380,0.00027623,96.78010000,0.00192515,-0.00012694
793,0.00200728,-0.00006700,-0.00001260,96.16566207,0.00168131,-0.00008630
794,0.00198003,0.00004880,-0.00003780,95.44625172,0.00165448,-0.00014046
795,0.00273752,-0.00012277,-0.00004960,94.71524828,0.00146099,0.00001940
796,0.00212003,-0.00009890,0.00000155,94.08320690,0.00169504,-0.00011615
797,0.00204238,-0.00006300,-0.00006540,93.63008276,0.00172510,-0.00016429
798,0.00280986,-0.00001010,0.00004620,93.40459310,0.00186878,-0.00012436
799,0.00213348,-0.00009310,-0.00004660,93.45216552,0.00190781,-0.00005530
800,0.00130917,0.00009480,-0.00043790,93.76849310,0.00176533,-0.00013930
801,0.00122721,0.00038349,-0.00006830,94.29401034,0.00192241,-0.00015230
802,0.00132997,0.00055484,-0.00009300,94.96086207,0.00188631,-0.00020521
803,0.00132976,0.00092213,-0.00003860,95.63407241,0.00176824,-0.00023007
804,0.00109655,0.00144929,-0.00001070,96.20568276,0.00167520,0.00011778
805,0.00111190,0.00171734,-0.00001940,96.58816552,0.00187450,0.00016916
806,0.00119621,0.00178339,0.00010725,96.71346207,0.00190911,-0.00025528
807,0.00131859,0.00164422,0.00005440,96.56053448,0.00198445,0.00004080
808,0.00105272,0.00157447,0.00001440,96.18390345,0.00209033,-0.00005150
809,0.00121355,0.00133542,-0.00003020,95.67772759,0.00201253,0.00001690
810,0.00112434,0.00123051,0.00007860,95.15454138,0.00204325,0.00010964
811,0.00104152,0.00117913,0.00031996,94.72217586,0.00240821,-0.00003320
812,0.00109566,0.00116192,0.00001060,94.44737241,0.00229172,-0.00012644
813,0.00145745,0.00088447,0.00002750,94.39415517,0.00288052,-0.00004540
814,0.00120841,0.00074310,0.00008200,94.56390345,0.00328193,0.00005520
815,0.00115345,0.00078046,-0.00002220,94.89985517,0.00381504,0.00003060
816,0.00100724,0.00050521,-0.00021806,95.32900345,0.00493947,-0.00022435
817,0.00127134,0.00049860,0.00004030,95.73487931,0.00648220,-0.00012824
818,0.00156879,0.00068986,0.00001310,96.00663793,0.00768765,-0.00024034
819,0.00110028,0.00043321,-0.00001940,96.05795862,0.00952726,-0.00009630
820,0.00114648,0.00049628,-0.00020825,95.84454138,0.01092688,-0.00028948
821,0.00128959,0.00050343,-0.00015533,95.38009310,0.01281481,-0.00002100
822,0.00121134,0.00065599,0.00000936,94.71512759,0.01508535,0.00000262
823,0.00135272,0.00072475,-0.00028122,93.97626552,0.01767789,-0.00012177
824,0.00149628,0.00076571,-0.00026640,93.30435517,0.02136291,-0.00025918
825,0.00143431,0.00090493,-0.00006730,92.80516552,0.02659042,0.00033452
826,0.00121914,0.00099201,0.00006380,92.57770345,0.03357844,-0.00015507
827,0.00122228,0.00101990,0.00012960,92.67157931,0.04433004,-0.00009140
828,0.00159017,0.00113933,0.00021022,93.07516207,0.05853037,0.00022735
829,0.00192100,0.00155385,0.00014487,93.71135862,0.08024790,-0.00017885
830,0.00163755,0.00135663,0.00001970,94.44672414,0.11092979,0.00018985
831,0.00182883,0.00149872,0.00034264,95.21078966,0.15567629,-0.00028985
832,0.00212783,0.00126977,0.00015700,95.83675862,0.22138821,-0.00002140
833,0.00210100,0.00136221,0.00033238,96.20407586,0.31594193,0.00019041
834,0.00200366,0.00088004,0.00004360,96.26594828,0.45683730,0.00003230
835,0.00193465,0.00078247,0.00036948,95.99567241,0.66910249,0.00007550
836,0.00262979,0.00052245,0.00006900,95.50621034,0.99349499,-0.00018770
837,0.00250490,0.00065414,0.00022544,94.86264138,1.50513971,0.00020381
838,0.00290038,0.00017732,-0.00009830,94.15820000,2.12710586,-0.00020762
839,0.00233362,0.00046685,-0.00001620,93.52733103,2.37501414,0.00014773
840,0.00265803,0.00035152,0.00013901,93.04306207,2.74403862,0.00007220
841,0.00316669,0.00017068,-0.00013531,92.71771034,3.31121448,-0.00023180
842,0.00423003,0.00056910,0.00023117,92.55213448,4.17912276,0.00013032
843,0.00370359,0.00048067,0.00022479,92.52953793,5.49952965,-0.00008560
844,0.00406852,0.00017672,-0.00013796,92.61165862,7.55911414,0.00000524
845,0.00456338,0.00035045,0.00022124,92.79101379,10.73176897,0.00019211
846,0.00469514,0.00020871,0.00015234,93.07452414,15.42966448,-0.00012804
847,0.00513693,0.00034200,-0.00001410,93.46426207,22.00398586,0.00020921
848,0.00513269,0.00043365,0.00024827,93.94014138,30.53595207,0.00019069
849,0.00663314,0.00042458,0.00040801,94.46314138,40.63275517,0.00018074
850,0.00641797,0.00029622,0.00026784,94.72206207,51.51821034,-0.00011652
851,0.02341776,0.00058267,0.00048361,94.24623448,62.20096552,0.00009120
852,0.01628452,0.00052984,0.00044142,92.36890345,71.69527586,0.00005660
853,0.01909386,0.00069884,0.00047647,88.34862414,79.36880000,0.00001530
854,0.01761586,0.00043542,0.00038238,81.70250000,85.03697931,0.00016402
855,0.01831955,0.00093665,0.00021039,72.50379655,88.83037241,0.00021708
856,0.01711855,0.00095519,0.00046154,61.33464483,91.08718621,0.00016039
857,0.01748162,0.00089672,0.00026552,49.21193793,92.22024483,0.00011414
858,0.01299548,0.00107400,0.00055413,37.41056552,92.63952414,-0.00003860
859,0.01449576,0.00058460,0.00031943,27.04745103,92.65912414,0.00023487
860,0.01810728,0.00061237,0.00011182,18.71492448,92.53281034,0.00003970
861,0.01929755,0.00065584,0.00052204,12.55366655,92.46241724,0.00012567
862,0.01554376,0.00041703,0.00054321,8.33409172,92.54753793,0.00020507
863,0.01689221,0.00056428,0.00049720,5.60770000,92.84224483,0.00035312
864,0.01734176,0.00042353,0.00058022,3.85747448,93.31078966,-0.00019048
865,0.01603124,0.00020484,0.00013134,2.77122035,93.87703103,0.00009020
866,0.01432976,0.00059624,0.00047024,2.11114276,94.47881724,0.00016229
867,0.01356224,0.00043505,0.00048056,1.67854276,95.02047586,0.00026510
868,0.01141024,0.00042608,0.00034887,1.38847310,95.44791724,0.00007940
869,0.01912424,0.00041023,0.00047074,1.19678441,95.74262414,-0.00014919
870,0.01775545,0.00028645,0.00066998,1.05071514,95.91175517,0.00027783
871,0.01740948,0.00042577,0.00042294,0.92439335,95.96703448,0.00033319
872,0.01114048,0.00009750,0.00251401,0.84041714,95.94359655,0.00019509
873,0.01531990,0.00050875,0.00319451,0.79076476,95.87898276,0.00027946
874,0.01403835,0.00014990,0.00315632,0.73034031,95.81170690,0.00010728
875,0.01367897,0.00049434,0.00167709,0.66178286,95.77550345,0.00005160
876,0.01202269,0.00039330,0.00089311,0.61381659,95.78500345,-0.00001020
877,0.01197479,0.00074694,0.00056088,0.44634622,95.85485172,0.00063092
878,0.00996872,0.00066559,0.00067750,0.30408198,95.98385517,-0.00014764
879,0.01206697,0.00077784,0.00003690,0.21000964,96.16610690,0.00034542
880,0.01038548,0.00054172,0.00089897,0.14801279,96.40143448,0.00038051
881,0.01378662,0.00114209,0.00057275,0.10622592,96.64269655,0.00052320
882,0.01118062,0.00130439,0.00189886,0.07798663,96.88169310,0.00058815
883,0.01251924,0.00133513,0.00402299,0.05711672,97.10404828,0.00016593
884,0.01120555,0.00098568,0.00539825,0.04099653,97.28880000,0.00008170
885,0.00886334,0.00085798,0.00241732,0.03223415,97.42983103,0.00032002
886,0.01082938,0.00026441,0.00091265,0.02508678,97.51457931,0.00039514
887,0.01229145,0.00059148,0.00083163,0.01967343,97.53057241,0.00003630
888,0.01049121,0.00021846,0.00064704,0.01554175,97.47488276,0.00025760
889,0.00879300,0.00023551,0.00105952,0.01252644,97.35998276,0.00052742
890,0.01052600,0.00061001,0.00023007,0.01027092,97.22111379,-0.00051161
891,0.01199017,-0.00000600,0.00008260,0.00819799,97.05672414,0.00066744
892,0.01031283,0.00081141,0.00071287,0.00710743,96.87380345,0.00009050
893,0.01314162,0.00019613,0.00051006,0.00616072,96.69061724,0.00057727
894,0.01088462,0.00058031,0.00037105,0.00603162,96.53332759,0.00011694
895,0.00941438,0.00031434,0.00055326,0.00472770,96.42453448,0.00067062
896,0.00815341,0.00030318,0.00117424,0.00447425,96.36672069,0.00012712
897,0.01034203,0.00044719,0.00007220,0.00527320,96.36349310,-0.00041119
898,0.00734079,0.00012466,-0.00111705,0.00338632,96.42011379,-0.00040297
899,0.00804579,-0.00180386,-0.00237416,0.00032729,96.52657241,-0.00153234
900,0.00943576,0.00184750,0.00029942,-0.08517785,96.68707241,-0.00036990
901,0.00789183,0.00229857,0.00087640,-0.08685275,96.88285862,-0.00095442
902,0.00883117,0.00330507,0.00010344,-0.08692025,97.08992069,-0.00085520
903,0.00978465,0.00319275,-0.00009620,-0.08777695,97.29114483,0.00010860
904,0.00784500,0.00196643,0.00014721,-0.08705477,97.46666207,0.00053221
905,0.00974379,0.00176426,0.00047368,-0.08781050,97.59740345,-0.00045711
906,0.01061710,0.00115514,-0.00036384,-0.08763669,97.67020345,0.00042131
907,0.00871238,0.00133001,0.00005660,-0.08701457,97.68177586,0.00027262
908,0.00864124,0.00144574,0.00011554,-0.08746113,97.64132069,0.00031644
909,0.00780403,0.00079988,0.00040439,-0.08629350,97.55968966,-0.00017073
910,0.00860821,0.00089392,-0.00055771,-0.08674187,97.45434138,0.00118497
911,0.00669300,0.00120785,0.00054803,-0.08617890,97.34622069,0.00051131
912,0.00812972,0.00121119,0.00050697,-0.08636499,97.25546207,0.00101094
913,0.00676897,0.00206130,0.00046677,-0.08729322,97.19262759,0.00236211
914,0.00666924,0.00140142,0.00003900,-0.08709166,97.17001034,0.00276824
915,0.00824462,0.00112833,0.00012147,-0.08704259,97.20278621,0.00362230
916,0.00734552,0.00095759,0.00035236,-0.08577967,97.29244483,0.00445900
917,0.00594765,0.00107442,0.00014915,-0.08627418,97.41575862,0.00531794
918,0.00752593,0.00089767,0.00002030,-0.08694311,97.57823103,0.00559779
919,0.00940400,0.00134413,0.00120199,-0.08639000,97.75217241,0.00724333
920,0.00855345,0.00087708,0.00534888,-0.08687302,97.91630000,0.00817344
921,0.00662476,0.00100631,0.00539501,-0.08627837,98.05670345,0.00988870
922,0.00600817,0.00068520,0.00307886,-0.08698344,98.14606897,0.01263475
923,0.00814807,0.00078217,0.00102665,-0.08582687,98.18432414,0.01646116
924,0.00698186,0.00065177,0.00102931,-0.08662549,98.15585517,0.02038113
925,0.00621762,0.00093700,0.00094469,-0.08628934,98.04994483,0.02660478
926,0.00625259,0.00007920,0.00002500,-0.08586697,97.87303103,0.03580754
927,0.00638214,0.00086704,0.00010923,-0.08638525,97.64858966,0.04872893
928,0.00507931,0.00039848,-0.00041616,-0.08614730,97.38671724,0.06831746
929,0.00705828,0.00091328,0.00015202,-0.08591112,97.10298966,0.09534252
930,0.00764710,0.00105055,0.00073330,-0.08581094,96.82060000,0.13626903
931,0.00648393,0.00092674,-0.00004430,-0.08637673,96.57003793,0.19739845
932,0.00653697,0.00047224,0.00112954,-0.08593891,96.35934828,0.28808516
933,0.00595059,0.00099577,-0.00018289,-0.08545370,96.20648621,0.37372955
934,0.00785986,0.00053075,0.00109537,-0.08589978,96.11768966,0.41384745
935,0.00612403,0.00086927,0.00015521,-0.08547266,96.08474828,0.45867924
936,0.00672831,-0.00008490,-0.00018227,-0.08581348,96.10737931,0.51387307
937,0.00607834,0.00066617,-0.00000635,-0.08624208,96.17291724,0.59169207
938,0.00548293,0.00049593,0.00014876,-0.08647369,96.27680690,0.69025862
939,0.00470031,0.00102918,0.00070296,-0.08716635,96.40894138,0.81195497
940,0.00565917,0.00077790,-0.00013991,-0.08560580,96.54100345,0.98129128
941,0.00544952,0.00120060,0.00080342,-0.08600935,96.67748276,1.20520090
942,0.00489645,0.00056525,0.00018256,-0.08568265,96.78801379,1.50919965
943,0.00616410,0.00094719,0.00083809,-0.08631854,96.86003448,1.92787345
944,0.00605914,0.00162133,0.00120815,-0.08627657,96.90074828,2.51520000
945,0.00419283,0.00154225,0.00177978,-0.08575347,96.90490345,3.36793138
946,0.00625369,0.00278398,0.00031625,-0.08510420,96.86659310,4.62959103
947,0.00590293,0.00202726,-0.00024122,-0.08521378,96.78788966,6.52424000
948,0.00542169,0.00163357,0.00055383,-0.08621978,96.68982414,9.37398724
949,0.00533438,0.00137161,-0.00027792,-0.08624889,96.61062069,13.58922379
950,0.00554683,0.00141901,0.00050626,-0.08624300,96.52042759,19.60723793
951,0.00530265,0.00016261,-0.00010133,-0.08570878,96.45486897,27.63805517
952,0.00620969,0.00017833,-0.00021588,-0.08566314,96.42218621,37.51754483
953,0.00476052,0.00049698,0.00011109,-0.08580343,96.41163103,48.64249655
954,0.00498545,0.00144400,-0.00068682,-0.08542977,96.44324483,59.96146207
955,0.00604648,0.00171872,-0.00003790,-0.08513664,96.51504138,70.34892759
956,0.00521248,0.00075711,0.00007100,-0.08594455,96.61370690,78.94299310
957,0.00532324,0.00073579,0.00018012,-0.08539631,96.72747586,85.31191034
958,0.00552276,0.00142002,0.00013794,-0.08522420,96.85158621,89.51659655
959,0.00489866,0.00036759,0.00037934,-0.08531234,96.96984138,92.02636897
960,0.00523097,0.00088402,0.00004280,-0.08524323,97.07386207,93.40096552
961,0.00485148,0.00126223,0.00020221,-0.08582203,97.15876207,94.13285517
962,0.00527072,0.00031049,-0.00039830,-0.08436657,97.22303793,94.57978966
963,0.00543559,0.00077981,0.00019968,-0.08512445,97.26866552,94.93500345
964,0.00435114,0.00146052,-0.00044388,-0.08457083,97.28904138,95.26380345
965,0.00518672,0.00119595,0.00034756,-0.08577450,97.30137586,95.58367586
966,0.00474266,0.00172628,-0.00017229,-0.08465127,97.32246552,95.88320000
967,0.00482766,0.00187973,0.00034428,-0.08544035,97.35903103,96.14173103
968,0.00590059,0.00042165,0.00035382,-0.08489903,97.41433103,96.33684483
969,0.00359231,0.00177863,0.00074874,-0.08429293,97.49569655,96.47230690
970,0.00475521,0.00173295,0.00025855,-0.08440375,97.60832759,96.54804828
971,0.00513134,0.00171608,-0.00102945,-0.08463025,97.74775862,96.56749310
972,0.00500103,0.00172460,-0.00002150,-0.08550357,97.89318621,96.54822414
973,0.00508210,0.00157912,0.00038490,-0.08427630,98.03728621,96.50147241
974,0.00481762,0.00138921,0.00025051,-0.08513694,98.16392069,96.44496552
975,0.00424772,0.00102072,0.00034901,-0.08471779,98.25799655,96.39393103
976,0.00539703,0.00150548,-0.00000324,-0.08411230,98.30843448,96.35970000
977,0.00325948,0.00046782,0.00065838,-0.08551363,98.30538621,96.35675862
978,0.00354786,0.00080607,0.00009600,-0.08478653,98.24110690,96.38946207
979,0.00537903,0.00092056,-0.00001130,-0.08402357,98.12274483,96.46285862
980,0.00459276,0.00086349,-0.00016858,-0.08440651,97.96438276,96.57638621
981,0.00593303,0.00123099,0.00032439,-0.08431078,97.77727931,96.71862759
982,0.00438366,0.00079894,0.00031304,-0.08429888,97.57487241,96.89152414
983,0.00498793,0.00078778,-0.00025702,-0.08412327,97.36176207,97.08274483
984,0.00457276,0.00194054,-0.00068230,-0.08482152,97.14498966,97.27602759
985,0.00408914,0.00123300,0.00007450,-0.08364243,96.93192414,97.45794483
986,0.00465379,0.00071051,0.00001760,-0.08394158,96.71482069,97.62996552
987,0.00446924,0.00109834,0.00007390,-0.08517487,96.47593103,97.77955172
988,0.00452259,0.00038396,0.00014998,-0.08406487,96.21050690,97.89628276
989,0.00477948,0.00054383,-0.00036242,-0.08379683,95.91479310,97.97755517
990,0.00600424,0.00121879,-0.00046252,-0.08390424,95.57576207,98.03214138
991,0.00495628,0.00043213,-0.00030019,-0.08400304,95.21435862,98.05869310
992,0.00537169,0.00089691,-0.00038200,-0.08448433,94.82381379,98.07273448
993,0.00542128,0.00119006,-0.00004670,-0.08419599,94.34404483,98.07998966
994,0.00621021,0.00034147,0.00022067,-0.08374259,93.63032759,98.07830345
995,0.00307100,0.00068879,-0.00055169,-0.08392719,92.40930690,98.08345172
996,0.00505748,0.00129330,0.00005740,-0.08415793,90.30053103,98.09978621
997,0.00548721,0.00122161,0.00036441,-0.08380581,86.93748276,98.12417931
998,0.00428976,0.00064640,-0.00030290,-0.08400975,82.03393103,98.15242759
999,0.00506531,0.00087482,-0.00021476,-0.08397093,75.44106552,98.18474483
1000,0.00499076,0.00097363,-0.00001940,-0.08399853,67.28032414,98.22368276
1001,0.00410145,-0.00049777,-0.00038853,-0.08357236,57.96488966,98.25462069
1002,0.00587824,0.00060389,0.00005900,-0.08367639,48.08346552,98.27333793
1003,0.00401521,0.00034142,0.00007450,-0.08322766,38.31780000,98.28426552
1004,0.00396634,0.00041010,-0.00006350,-0.08403221,29.36553103,98.27574828
1005,0.00393866,0.00063227,-0.00063671,-0.08363758,21.69526483,98.25201034
1006,0.00416245,0.00093789,-0.00027206,-0.08422888,15.54454552,98.22336552
1007,0.00326145,0.00049957,-0.00053221,-0.08290712,10.91227241,98.19550000
1008,0.00365162,0.00034247,-0.00047502,-0.08365673,7.59602069,98.16223448
1009,0.00436621,0.00055224,0.00023665,-0.08417169,5.31949207,98.13055862
1010,0.00496234,0.00087815,-0.00015424,-0.08322635,3.80400172,98.10885862
1011,0.00537841,0.00086281,-0.00071921,-0.08367713,2.81131966,98.09932759
1012,0.00414703,0.00053282,0.00014184,-0.08401682,2.15963448,98.09924483
1013,0.00372414,0.00110103,-0.00003440,-0.08373360,1.71586414,98.11043793
1014,0.00580114,0.00114304,0.00031815,-0.08349615,1.41215345,98.13465862
1015,0.00323672,0.00089985,0.00026509,-0.08292085,1.20120372,98.16077241
1016,0.00699307,0.00039908,0.00005560,-0.08338179,1.05059134,98.18263793
1017,0.00512890,0.00146333,-0.00031393,-0.08407281,0.93523214,98.21170000
1018,0.00398507,0.00115553,-0.00012091,-0.08366496,0.84316003,98.22435172
1019,0.00537445,0.00237882,0.00012273,-0.08470864,0.76942603,98.22938276
1020,0.00574362,0.00041077,0.00038542,-0.08336394,0.71296234,98.23044483
1021,0.00337776,0.00082944,-0.00069199,-0.08277018,0.67200741,98.22206207
1022,0.00580476,0.00040131,0.00122228,-0.08361722,0.51265913,98.20493793
1023,0.00439959,0.00130163,-0.00084726,-0.08325349,0.31762457,98.17543793
1024,0.00560624,0.00110258,-0.00004660,-0.08315295,0.19285202,98.14644828
1025,0.00447524,0.00099743,-0.00053612,-0.08353021,0.10848592,98.12403448
1026,0.00388566,0.00120448,-0.00011467,-0.08329854,0.05340676,98.08875172
1027,0.00440141,0.00081522,0.00029884,-0.08315548,0.01502163,98.06085172
1028,0.00505041,0.00115540,0.00013460,-0.08321884,-0.01181845,98.03214828
1029,0.00453276,0.00157350,0.00104922,-0.08314133,-0.03073456,98.00083103
1030,0.00509807,0.00081132,-0.00002290,-0.08270831,-0.04396031,97.97345862
1031,0.00414210,0.00130300,0.00026417,-0.08316640,-0.05307770,97.94147586
1032,0.00582507,0.00039844,0.00027825,-0.08316751,-0.06005574,97.90215517
1033,0.00402183,0.00108756,0.00024599,-0.08322468,-0.06490862,97.85859655
1034,0.00420852,0.00054758,-0.00006640,-0.08320177,-0.06965119,97.81161379
1035,0.00497334,0.00038959,-0.00043537,-0.08301306,-0.07206469,97.75207586
1036,0.00422069,0.00040437,-0.00045321,-0.08310670,-0.07413752,97.70081724
1037,0.00387935,0.00011014,0.00000785,-0.08222797,-0.07550475,97.64138621
1038,0.00296503,0.00106178,0.00028304,-0.08292859,-0.07725631,97.56802069
1039,0.00507162,0.00078002,-0.00100472,-0.08274392,-0.07765582,97.49048276
1040,0.00417435,0.00114047,0.00017958,-0.08339427,-0.07883475,97.39300345
1041,0.00355828,0.00088553,0.00042188,-0.08335514,-0.07904601,97.27719310
1042,0.00461634,0.00065715,-0.00046489,-0.08264275,-0.07984959,97.13005862
1043,0.00491028,0.00100206,0.00005750,-0.08337531,-0.08051312,96.93413793
1044,0.00374559,0.00110120,-0.00025827,-0.08375763,-0.08103105,96.68173448
1045,0.00444779,0.00114208,-0.00038015,-0.08336924,-0.08121686,96.36910690
1046,0.00355969,0.00088560,-0.00088952,-0.08321589,-0.08079203,95.98506207
1047,0.00575641,0.00078354,0.00026956,-0.08357590,-0.08163605,95.52543793
1048,0.00405383,0.00010210,-0.00090551,-0.08313812,-0.08236267,94.99911724
1049,0.00404783,0.00069146,-0.00016975,-0.08271016,-0.08179546,94.42902759
1050,0.00428579,0.00114457,0.00026660,-0.08383571,-0.08170501,93.83692759
1051,0.00467003,0.00029477,0.00041979,-0.08235806,-0.08225887,93.23836207
1052,0.00493072,0.00010988,-0.00042301,-0.08312130,-0.08164231,92.65000000
1053,0.00634159,0.00067977,-0.00104710,-0.08319320,-0.08228975,92.10451724
1054,0.00334745,0.00059652,0.00009980,-0.08238351,-0.08181048,91.57886552
1055,0.00463107,0.00127094,0.00009050,-0.08346404,-0.08129183,91.05288966
1056,0.00452010,0.00106778,0.00006640,-0.08326277,-0.08304794,90.45922759
1057,0.00360862,0.00107011,0.00025491,-0.08319335,-0.08289564,89.66606552
1058,0.00475424,0.00155073,0.00056324,-0.08379262,-0.08254421,88.51294828
1059,0.00467697,0.00177834,0.00006090,-0.08295124,-0.08293746,86.78724138
1060,0.00514090,0.00110578,0.00012571,-0.08313850,-0.08227358,84.25580690
1061,0.00456355,0.00168599,0.00024288,-0.08364692,-0.08206809,80.69453793
1062,0.00411700,0.00187776,0.00026964,-0.08310041,-0.08279353,75.91865517
1063,0.00346307,0.00190912,-0.00001990,-0.08313188,-0.08240388,69.82715172
1064,0.00382317,0.00215277,0.00009990,-0.08320766,-0.08229497,62.52074828
1065,0.00588117,0.00167423,-0.00007440,-0.08327684,-0.08289828,54.29917414
1066,0.00379993,0.00170400,-0.00054735,-0.08246017,-0.08206539,45.62911759
1067,0.00694221,0.00146820,0.00089793,-0.08266208,-0.08268478,37.07126552
1068,0.00325952,0.00180463,-0.00014125,-0.08213396,-0.08202362,29.15648759
1069,0.00488855,0.00132913,0.00020264,-0.08283171,-0.08340985,22.28442448
1070,0.00460197,0.00162379,-0.00026672,-0.08362104,-0.08226427,16.67047069
1071,0.00480645,0.00167102,-0.00011500,-0.08310490,-0.08293420,12.30931966
1072,0.00413983,0.00171086,0.00024893,-0.08351100,-0.08238182,9.05642483
1073,0.00482093,0.00159374,-0.00069752,-0.08347466,-0.08311738,6.72320965
1074,0.00496514,0.00138923,-0.00023824,-0.08277287,-0.08248539,5.10316172
1075,0.00468124,0.00144415,-0.00078417,-0.08246155,-0.08201220,4.00085138
1076,0.00473062,0.00018252,-0.00028575,-0.08397977,-0.08222649,3.23737241
1077,0.00515090,0.00111093,-0.00056887,-0.08338010,-0.08341536,2.69669138
1078,0.00511445,0.00123161,-0.00027966,-0.08301298,-0.08333993,2.31629172
1079,0.00431121,0.00070671,-0.00068579,-0.08333811,-0.08177968,2.06316862
1080,0.00520559,0.00161060,-0.00079846,-0.08274290,-0.08308921,1.18204701
1081,0.00368538,0.00100757,-0.00026684,-0.08327328,-0.08181951,0.78186524
1082,0.00559000,0.00136045,0.00007540,-0.08358066,-0.08283906,0.52286077
1083,0.00487517,0.00069134,0.00023575,-0.08317198,-0.08296668,0.35406250
1084,0.00534238,0.00127203,0.00011082,-0.08342983,-0.08273658,0.24263893
1085,0.00581459,0.00089918,0.00025731,-0.08311422,-0.08269494,0.16756727
1086,0.00384479,0.00116609,-0.00082928,-0.08365590,-0.08264992,0.11709669
1087,0.00517610,0.00144153,-0.00017471,-0.08331855,-0.08326706,0.08368177
1088,0.00643614,0.00053907,0.00096931,-0.08327110,-0.08200075,0.05956583
1089,0.00485679,0.00169103,-0.00030229,-0.08398607,-0.08291194,0.04362047
1090,0.00581852,0.00047808,-0.00024860,-0.08335748,-0.08277959,0.03182469
1091,0.00499214,0.00115179,-0.00029229,-0.08333294,-0.08277964,0.02313808
1092,0.00660648,0.00239823,0.00014854,-0.08310545,-0.08262309,0.01797817
1093,0.00758583,0.00144400,-0.00014845,-0.08324569,-0.08307610,0.01293725
1094,0.00849155,0.00101636,0.00005440,-0.08321065,-0.08242526,0.01119921
1095,0.00815590,0.00193852,0.00044341,-0.08283342,-0.08253679,0.00833828
1096,0.01044786,0.00172939,0.00015171,-0.08410514,-0.08277018,0.00633391
1097,0.01061531,0.00109917,-0.00015560,-0.08388924,-0.08298165,0.00537765
1098,0.00994707,0.00246470,-0.00041038,-0.08340140,-0.08257860,0.00369164
1099,0.01076214,0.00215096,-0.00048863,-0.08313621,-0.08194089,0.00318824
1100,0.01077938,0.00270941,-0.00059364,-0.08334281,-0.08360283,0.00208123

