4000 3.76282e-05
4005 3.9818e-06
4010 3.73159e-05
4015 -4.40494e-06
4020 3.12054e-05
4025 -3.03974e-06
4030 1.68056e-05
4035 9.27631e-06
4040 -2.69794e-05
4045 -1.14969e-05
4050 -4.51864e-05
4055 -6.51373e-06
4060 -1.62634e-05
4065 2.08126e-06
4070 -7.49855e-06
4075 3.52923e-06
4080 1.68098e-05
4085 1.18757e-05
4090 2.64e-07
4095 -1.12217e-05
4100 7.62311e-06
4105 -4.59111e-05
4110 6.96224e-06
4115 -1.71132e-05
4120 1.00925e-05
4125 3.74821e-05
4130 2.07881e-05
4135 -1.34601e-05
4140 -4.54104e-06
4145 1.1522e-06
4150 -2.27424e-05
4155 1.13134e-05
4160 3.65294e-05
4165 9.29e-07
4170 -1.03217e-05
4175 8.06578e-06
4180 1.77434e-05
4185 3.64963e-05
4190 2.19198e-05
4195 5.1692e-05
4200 1.82204e-05
4205 6.01214e-05
4210 3.25266e-05
4215 5.47744e-05
4220 2.19722e-05
4225 3.22672e-05
4230 2.96453e-05
4235 2.3232e-05
4240 4.30743e-05
4245 8.83551e-06
4250 2.84516e-05
4255 3.09639e-05
4260 1.44898e-05
4265 3.89865e-05
4270 2.71981e-05
4275 2.9803e-05
4280 1.93468e-05
4285 4.38913e-05
4290 3.86093e-05
4295 2.3338e-05
4300 1.0881e-05
4305 5.06428e-05
4310 1.92345e-05
4315 4.29485e-05
4320 5.18622e-05
4325 7.48421e-05
4330 5.52411e-05
4335 8.66126e-05
4340 9.61042e-05
4345 4.67904e-05
4350 9.24079e-05
4355 0.000112891
4360 0.000129262
4365 0.000119397
4370 0.000143201
4375 0.000132115
4380 0.000177003
4385 0.000215191
4390 0.00025521
4395 0.000251896
4400 0.000284335
4405 0.00029346
4410 0.000410416
4415 0.0004329
4420 0.000536013
4425 0.000586327
4430 0.000692699
4435 0.000835946
4440 0.000981756
4445 0.00117302
4450 0.00139501
4455 0.00168762
4460 0.00203884
4465 0.00248065
4470 0.00303671
4475 0.00375574
4480 0.00465998
4485 0.00580417
4490 0.00733645
4495 0.00932713
4500 0.0120223
4505 0.0153487
4510 0.0201578
4515 0.0264621
4520 0.0348235
4525 0.0465127
4530 0.0622698
4535 0.0834208
4540 0.113476
4545 0.15146
4550 0.202148
4555 0.268253
4560 0.342969
4565 0.43052
4570 0.524745
4575 0.61175
4580 0.695389
4585 0.760615
4590 0.810547
4595 0.847504
4600 0.870246
4605 0.885441
4610 0.892875
4615 0.895215
4620 0.894471
4625 0.892305
4630 0.889034
4635 0.884531
4640 0.880507
4645 0.876658
4650 0.873633
4655 0.87154
4660 0.870089
4665 0.869821
4670 0.870358
4675 0.871415
4680 0.874352
4685 0.878115
4690 0.882073
4695 0.886623
4700 0.89014
4705 0.890683
4710 0.883527
4715 0.864632
4720 0.830337
4725 0.775968
4730 0.695408
4735 0.605336
4740 0.503366
4745 0.402352
4750 0.316745
4755 0.241404
4760 0.182989
4765 0.137205
4770 0.102462
4775 0.0780787
4780 0.0593453
4785 0.0452528
4790 0.035353
4795 0.0273386
4800 0.0214913
4805 0.01711
4810 0.0136365
4815 0.0110786
4820 0.00900158
4825 0.00734536
4830 0.00604272
4835 0.00503943
4840 0.00418925
4845 0.00352279
4850 0.00297607
4855 0.00254194
4860 0.002182
4865 0.0018648
4870 0.00163829
4875 0.00136715
4880 0.00121209
4885 0.00107699
4890 0.000928659
4895 0.000814514
4900 0.000745647
4905 0.000667437
4910 0.000567995
4915 0.000506601
4920 0.000478135
4925 0.000410732
4930 0.000390389
4935 0.000337952
4940 0.000303615
4945 0.000279679
4950 0.000259978
4955 0.000241583
4960 0.000251207
4965 0.000206105
4970 0.000203224
4975 0.000169762
4980 0.000185982
4985 0.000124811
4990 0.000153624
4995 0.000145873
5000 0.000131766
