3800 0.00000
3820 0.00023
3840 0.00121
3860 0.00452
3880 0.01346
3900 0.03162
3920 0.05604
3940 0.08087
3960 0.10433
3980 0.13251
4000 0.16982
4020 0.20433
4040 0.22877
4060 0.25835
4080 0.29905
4100 0.33178
4120 0.34490
4140 0.35577
4160 0.37521
4180 0.39286
4200 0.40271
4220 0.41240
4240 0.42035
4260 0.41603
4280 0.40305
4300 0.39991
4320 0.41681
4340 0.44144
4360 0.45190
4380 0.44434
4400 0.43721
4420 0.44338
4440 0.45789
4460 0.46782
4480 0.46765
4500 0.46373
4520 0.46530
4540 0.47248
4560 0.47974
4580 0.48366
4600 0.48505
4620 0.48744
4640 0.49094
4660 0.49481
4680 0.49744
4700 0.49970
4720 0.50236
4740 0.50487
4760 0.50596
4780 0.50538
4800 0.50477
4820 0.50604
4840 0.51079
4860 0.51676
4880 0.52218
4900 0.52495
4920 0.52614
4940 0.52764
4960 0.53049
4980 0.53369
5000 0.53497
5020 0.53355
5040 0.53012
5060 0.52754
5080 0.52818
5100 0.53164
5120 0.53700
5140 0.54097
5160 0.54249
5180 0.54166
5200 0.54009
5220 0.53902
5240 0.53857
5260 0.53858
5280 0.53792
5300 0.53648
5320 0.53384
5340 0.53107
5360 0.52710
5380 0.52165
5400 0.51224
5420 0.49330
5440 0.45393
5460 0.38607
5480 0.29766
5500 0.20974
5520 0.14151
5540 0.09483
5560 0.06423
5580 0.04425
5600 0.03060
5620 0.02101
5640 0.01422
5660 0.00946
5680 0.00634
5700 0.00425
5720 0.00297
5740 0.00212
5760 0.00157
5780 0.00119
5800 0.00099
5820 0.00081
5840 0.00065
5860 0.00059
5880 0.00045
5900 0.00036
5920 0.00027
5940 0.00021
5960 0.00014
5980 0.00014
6000 0.00000
