6560 0.00000
6580 0.00017
6600 0.00032
6620 0.00052
6640 0.00088
6660 0.00142
6680 0.00233
6700 0.00373
6720 0.00595
6740 0.00941
6760 0.01474
6780 0.02282
6800 0.03469
6820 0.05169
6840 0.07479
6860 0.10442
6880 0.14068
6900 0.18277
6920 0.22840
6940 0.27480
6960 0.31983
6980 0.36138
7000 0.39743
7020 0.42812
7040 0.45357
7060 0.47366
7080 0.48945
7100 0.50172
7120 0.51066
7140 0.51709
7160 0.52145
7180 0.52445
7200 0.52604
7220 0.52670
7240 0.52601
7260 0.52454
7280 0.52316
7300 0.52093
7320 0.51849
7340 0.51639
7360 0.51440
7380 0.51232
7400 0.51029
7420 0.50852
7440 0.50700
7460 0.50500
7480 0.50294
7500 0.50051
7520 0.49741
7540 0.49410
7560 0.49027
7580 0.48624
7600 0.48225
7620 0.47789
7640 0.47407
7660 0.47012
7680 0.46668
7700 0.46345
7720 0.46093
7740 0.45846
7760 0.45658
7780 0.45450
7800 0.45285
7820 0.45075
7840 0.44825
7860 0.44541
7880 0.44250
7900 0.43797
7920 0.43371
7940 0.42927
7960 0.42414
7980 0.41941
8000 0.41427
8020 0.40943
8040 0.40519
8060 0.40086
8080 0.39629
8100 0.39241
8120 0.38811
8140 0.38373
8160 0.37915
8180 0.37473
8200 0.37022
8220 0.36529
8240 0.36022
8260 0.35538
8280 0.34991
8300 0.34479
8320 0.33899
8340 0.33324
8360 0.32735
8380 0.32100
8400 0.31173
8420 0.29959
8440 0.28132
8460 0.25501
8480 0.21986
8500 0.17788
8520 0.13528
8540 0.09666
8560 0.06629
8580 0.04422
8600 0.02922
8620 0.01939
8640 0.01306
8660 0.00863
8680 0.00603
8700 0.00415
8720 0.00288
8740 0.00207
8760 0.00167
8780 0.00118
8800 0.00083
8820 0.00061
8840 0.00045
8860 0.00038
8880 0.00025
8900 0.00000
 
