3000 0.13401776
3010 0.10761069
3020 0.08801897
3030 0.15126038
3040 2.11805728
3050 8.55043000
3060 18.55345172
3070 28.39175862
3080 32.97253103
3090 36.49960690
3100 40.44250690
3110 48.22088966
3120 54.98317586
3130 59.29270000
3140 63.87615517
3150 67.57535172
3160 69.58726552
3170 70.05563448
3180 72.60301034
3190 76.78950345
3200 79.91230345
3210 81.39916897
3220 82.51021724
3230 82.79112759
3240 83.62266207
3250 85.05311034
3260 86.60012759
3270 87.72194828
3280 87.75521034
3290 88.23660690
3300 89.69900345
3310 89.91213103
3320 88.26274138
3330 87.94605862
3340 86.50103103
3350 87.09282069
3360 89.22980000
3370 89.39863793
3380 90.01431724
3390 90.06870690
3400 90.91314828
3410 90.94965517
3420 89.79950690
3430 89.65222414
3440 90.79390000
3450 92.25185172
3460 93.52420690
3470 93.31998276
3480 92.48095172
3490 91.94042414
3500 91.87100690
3510 91.82248621
3520 91.59363448
3530 91.11458966
3540 91.32047241
3550 92.51813103
3560 94.30571379
3570 94.68775862
3580 93.76113448
3590 92.80148276
3600 92.03501724
3610 91.71674828
3620 92.35454138
3630 93.67914483
3640 94.33562759
3650 94.13703448
3660 94.90835172
3670 95.51185862
3680 95.65976897
3690 95.53958621
3700 95.11995862
3710 94.74297931
3720 94.50001034
3730 94.47979310
3740 95.04814828
3750 95.83081724
3760 96.30082069
3770 96.42297931
3780 96.39663103
3790 96.57931034
3800 96.66980345
3810 96.67121034
3820 96.27355172
3830 95.58789310
3840 95.06426897
3850 94.88612414
3860 95.13297931
3870 95.71766207
3880 96.31732759
3890 96.84911724
3900 96.99111034
3910 97.06504828
3920 96.81185172
3930 96.63681724
3940 96.51987241
3950 96.11457241
3960 95.97025517
3970 94.71630345
3980 85.95750000
3990 63.97785172
4000 35.92626552
4010 15.10747172
4020 5.33974448
4030 2.04279034
4040 0.89868959
4050 0.41458900
4060 0.20807424
4070 0.11010031
4080 0.05771183
4090 0.03360641
4100 0.02115652
4110 0.01387476
4120 0.00813465
4130 0.00610193
4140 0.00383445
4150 0.00260776
4160 0.00182824
4170 0.00181734
4180 0.00138410
4190 0.00137934
4200 0.00087362
4210 0.00112765
4220 0.00099293
4230 0.00115555
4240 0.00094645
4250 0.00112172
4260 0.00110034
4270 0.00108617
4280 0.00116066
4290 0.00092562
4300 0.00130559
4310 0.00119897
4320 0.00092824
4330 0.00096093
4340 0.00077490
4350 0.00105700
4360 0.00078800
4370 0.00081879
4380 0.00076810
4390 0.00073403
4400 0.00086614
4410 0.00076835
4420 0.00073059
4430 0.00090990
4440 0.00057672
4450 0.00069662
4460 0.00086655
4470 0.00067145
4480 0.00066769
4490 0.00075262
4500 0.00055007
4510 0.00066441
4520 0.00081669
4530 0.00060252
4540 0.00076869
4550 0.00061659
4560 0.00078397
4570 0.00058872
4580 0.00072383
4590 0.00060655
4600 0.00069486
4610 0.00068907
4620 0.00075586
4630 0.00060062
4640 0.00053786
4650 0.00056666
4660 0.00078535
4670 0.00062259
4680 0.00075466
4690 0.00052914
4700 0.00060141
4710 0.00046976
4720 0.00057666
4730 0.00044652
4740 0.00062021
4750 0.00049921
4760 0.00053562
4770 0.00039269
4780 0.00053962
4790 0.00053600
4800 0.00047286
4810 0.00057614
4820 0.00039845
4830 0.00034621
4840 0.00044600
4850 0.00040269
4860 0.00051145
4870 0.00039000
4880 0.00046245
4890 0.00041924
4900 0.00044076
4910 0.00037745
4920 0.00043372
4930 0.00044997
4940 0.00041566
4950 0.00047559
4960 0.00039945
4970 0.00032859
4980 0.00041597
4990 0.00039976
5000 0.00040514
5010 0.00036876
5020 0.00039959
5030 0.00042903
5040 0.00039417
5050 0.00038341
5060 0.00029441
5070 0.00040334
5080 0.00050707
5090 0.00041800
5100 0.00029634
5110 0.00052152
5120 0.00063634
5130 0.00081262
5140 0.00079648
5150 0.00067621
5160 0.00054552
5170 0.00040541
5180 0.00043283
5190 0.00044741
5200 0.00065465
5210 0.00064024
5220 0.00066562
5230 0.00063103
5240 0.00072938
5250 0.00078190
5260 0.00086372
5270 0.00083459
5280 0.00078559
5290 0.00087100
5300 0.00073469
5310 0.00061865
5320 0.00055097
5330 0.00051493
5340 0.00052759
5350 0.00047114
5360 0.00075286
5370 0.00069472
5380 0.00074948
5390 0.00085155
5400 0.00079135
5410 0.00063872
5420 0.00085859
5430 0.00084248
5440 0.00079135
5450 0.00080407
5460 0.00082072
5470 0.00089862
5480 0.00091869
5490 0.00079497
5500 0.00097310
5510 0.00097321
5520 0.00089717
5530 0.00082610
5540 0.00068766
5550 0.00070403
5560 0.00074600
5570 0.00063117
5580 0.00071497
5590 0.00091862
5600 0.00087503
5610 0.00082790
5620 0.00061841
5630 0.00077503
5640 0.00108079
5650 0.00117338
5660 0.00073131
5670 0.00033838
5680 0.00037659
5690 0.00030924
5700 0.00037100
5710 0.00035100
5720 0.00039659
5730 0.00037476
5740 0.00030907
5750 0.00059269
5760 0.00118938
5770 0.00111272
5780 0.00057828
5790 0.00020914
5800 0.00024003
5810 0.00030197
5820 0.00032907
5830 0.00031990
5840 0.00024907
5850 0.00042724
5860 0.00028903
5870 0.00030724
5880 0.00028724
5890 0.00037083
5900 0.00055790
5910 0.00082152
5920 0.00055600
5930 0.00029272
5940 0.00029438
5950 0.00033624
5960 0.00030352
5970 0.00037793
5980 0.00041048
5990 0.00031076
6000 0.00030886
6010 0.00036700
6020 0.00034335
6030 0.00032521
6040 0.00038517
6050 0.00046486
6060 0.00061938
6070 0.00052845
6080 0.00032145
6090 0.00039941
6100 0.00039031
6110 0.00038666
6120 0.00033966
6130 0.00046655
6140 0.00043028
6150 0.00032131
6160 0.00026321
6170 0.00030676
6180 0.00039197
6190 0.00044641
6200 0.00030835
6210 0.00033021
6220 0.00037010
6230 0.00040641
6240 0.00029748
6250 0.00038445
6260 0.00045355
6270 0.00041883
6280 0.00041159
6290 0.00038076
6300 0.00039155
6310 0.00033545
6320 0.00048207
6330 0.00027910
6340 0.00043662
6350 0.00034610
6360 0.00031710
6370 0.00032438
6380 0.00043855
6390 0.00042403
6400 0.00044007
6410 0.00041834
6420 0.00032238
6430 0.00034393
6440 0.00047269
6450 0.00051590
6460 0.00045972
6470 0.00046879
6480 0.00039990
6490 0.00038910
6500 0.00035283
6510 0.00040334
6520 0.00041959
6530 0.00049910
6540 0.00048641
6550 0.00043935
6560 0.00050079
6570 0.00045741
6580 0.00050614
6590 0.00049331
6600 0.00051517
6610 0.00060179
6620 0.00048438
6630 0.00045714
6640 0.00055997
6650 0.00043366
6660 0.00047314
6670 0.00045324
6680 0.00065362
6690 0.00045314
6700 0.00034845
6710 0.00064431
6720 0.00041497
6730 0.00041852
6740 0.00053400
6750 0.00056076
6760 0.00051952
6770 0.00055917
6780 0.00047228
6790 0.00059128
6800 0.00043445
6810 0.00055503
6820 0.00068086
6830 0.00062324
6840 0.00052972
6850 0.00070255
6860 0.00060303
6870 0.00057245
6880 0.00073797
6890 0.00066772
6900 0.00068921
6910 0.00056131
6920 0.00061362
6930 0.00062797
6940 0.00088621
6950 0.00059514
6960 0.00112707
6970 0.00126165
6980 0.00070631
6990 0.00084814
7000 0.00064307
7010 0.00075634
7020 0.00077217
7030 0.00078976
7040 0.00080069
7050 0.00078079
7060 0.00074114
7070 0.00069797
7080 0.00076572
7090 0.00077276
7100 0.00094503
7110 0.00081755
7120 0.00088717
7130 0.00083679
7140 0.00105348
7150 0.00091883
7160 0.00104735
7170 0.00055855
7180 0.00123165
7190 0.00160541
7200 0.00178731
7210 0.00178910
7220 0.00172790
7230 0.00120359
7240 0.00122131
7250 0.00081162
7260 0.00116700
7270 0.00081821
7280 0.00093238
7290 0.00123579
7300 0.00085031
7310 0.00112655
7320 0.00097793
7330 0.00096183
7340 0.00107241
7350 0.00104697
7360 0.00108593
7370 0.00137617
7380 0.00113359
7390 0.00121176
7400 0.00087145
7410 0.00128648
7420 0.00112431
7430 0.00111503
7440 0.00085503
7450 0.00129259
7460 0.00110014
7470 0.00106090
7480 0.00110297
7490 0.00105462
7500 0.00101907
7510 0.00104497
7520 0.00116907
7530 0.00106962
7540 0.00096069
7550 0.00103700
7560 0.00125148
7570 0.00114314
7580 0.00100062
7590 0.00115962
7600 0.00132607
7610 0.00110045
7620 0.00117428
7630 0.00138134
7640 0.00114338
7650 0.00107414
7660 0.00122259
7670 0.00115500
7680 0.00117741
7690 0.00113803
7700 0.00136928
7710 0.00142910
7720 0.00115597
7730 0.00130065
7740 0.00132835
7750 0.00126269
7760 0.00157562
7770 0.00189114
7780 0.00154862
7790 0.00155662
7800 0.00165724
7810 0.00132652
7820 0.00197017
7830 0.00157886
7840 0.00128331
7850 0.00156648
7860 0.00190924
7870 0.00196069
7880 0.00166910
7890 0.00144545
7900 0.00156441
7910 0.00206755
7920 0.00188752
7930 0.00200728
7940 0.00198003
7950 0.00273752
7960 0.00212003
7970 0.00204238
7980 0.00280986
7990 0.00213348
8000 0.00130917
8010 0.00122721
8020 0.00132997
8030 0.00132976
8040 0.00109655
8050 0.00111190
8060 0.00119621
8070 0.00131859
8080 0.00105272
8090 0.00121355
8100 0.00112434
8110 0.00104152
8120 0.00109566
8130 0.00145745
8140 0.00120841
8150 0.00115345
8160 0.00100724
8170 0.00127134
8180 0.00156879
8190 0.00110028
8200 0.00114648
8210 0.00128959
8220 0.00121134
8230 0.00135272
8240 0.00149628
8250 0.00143431
8260 0.00121914
8270 0.00122228
8280 0.00159017
8290 0.00192100
8300 0.00163755
8310 0.00182883
8320 0.00212783
8330 0.00210100
8340 0.00200366
8350 0.00193465
8360 0.00262979
8370 0.00250490
8380 0.00290038
8390 0.00233362
8400 0.00265803
8410 0.00316669
8420 0.00423003
8430 0.00370359
8440 0.00406852
8450 0.00456338
8460 0.00469514
8470 0.00513693
8480 0.00513269
8490 0.00663314
8500 0.00641797
8510 0.02341776
8520 0.01628452
8530 0.01909386
8540 0.01761586
8550 0.01831955
8560 0.01711855
8570 0.01748162
8580 0.01299548
8590 0.01449576
8600 0.01810728
8610 0.01929755
8620 0.01554376
8630 0.01689221
8640 0.01734176
8650 0.01603124
8660 0.01432976
8670 0.01356224
8680 0.01141024
8690 0.01912424
8700 0.01775545
8710 0.01740948
8720 0.01114048
8730 0.01531990
8740 0.01403835
8750 0.01367897
8760 0.01202269
8770 0.01197479
8780 0.00996872
8790 0.01206697
8800 0.01038548
8810 0.01378662
8820 0.01118062
8830 0.01251924
8840 0.01120555
8850 0.00886334
8860 0.01082938
8870 0.01229145
8880 0.01049121
8890 0.00879300
8900 0.01052600
8910 0.01199017
8920 0.01031283
8930 0.01314162
8940 0.01088462
8950 0.00941438
8960 0.00815341
8970 0.01034203
8980 0.00734079
8990 0.00804579
9000 0.00943576
9010 0.00789183
9020 0.00883117
9030 0.00978465
9040 0.00784500
9050 0.00974379
9060 0.01061710
9070 0.00871238
9080 0.00864124
9090 0.00780403
9100 0.00860821
9110 0.00669300
9120 0.00812972
9130 0.00676897
9140 0.00666924
9150 0.00824462
9160 0.00734552
9170 0.00594765
9180 0.00752593
9190 0.00940400
9200 0.00855345
9210 0.00662476
9220 0.00600817
9230 0.00814807
9240 0.00698186
9250 0.00621762
9260 0.00625259
9270 0.00638214
9280 0.00507931
9290 0.00705828
9300 0.00764710
9310 0.00648393
9320 0.00653697
9330 0.00595059
9340 0.00785986
9350 0.00612403
9360 0.00672831
9370 0.00607834
9380 0.00548293
9390 0.00470031
9400 0.00565917
9410 0.00544952
9420 0.00489645
9430 0.00616410
9440 0.00605914
9450 0.00419283
9460 0.00625369
9470 0.00590293
9480 0.00542169
9490 0.00533438
9500 0.00554683
9510 0.00530265
9520 0.00620969
9530 0.00476052
9540 0.00498545
9550 0.00604648
9560 0.00521248
9570 0.00532324
9580 0.00552276
9590 0.00489866
9600 0.00523097
9610 0.00485148
9620 0.00527072
9630 0.00543559
9640 0.00435114
9650 0.00518672
9660 0.00474266
9670 0.00482766
9680 0.00590059
9690 0.00359231
9700 0.00475521
9710 0.00513134
9720 0.00500103
9730 0.00508210
9740 0.00481762
9750 0.00424772
9760 0.00539703
9770 0.00325948
9780 0.00354786
9790 0.00537903
9800 0.00459276
9810 0.00593303
9820 0.00438366
9830 0.00498793
9840 0.00457276
9850 0.00408914
9860 0.00465379
9870 0.00446924
9880 0.00452259
9890 0.00477948
9900 0.00600424
9910 0.00495628
9920 0.00537169
9930 0.00542128
9940 0.00621021
9950 0.00307100
9960 0.00505748
9970 0.00548721
9980 0.00428976
9990 0.00506531
10000 0.00499076
10010 0.00410145
10020 0.00587824
10030 0.00401521
10040 0.00396634
10050 0.00393866
10060 0.00416245
10070 0.00326145
10080 0.00365162
10090 0.00436621
10100 0.00496234
10110 0.00537841
10120 0.00414703
10130 0.00372414
10140 0.00580114
10150 0.00323672
10160 0.00699307
10170 0.00512890
10180 0.00398507
10190 0.00537445
10200 0.00574362
10210 0.00337776
10220 0.00580476
10230 0.00439959
10240 0.00560624
10250 0.00447524
10260 0.00388566
10270 0.00440141
10280 0.00505041
10290 0.00453276
10300 0.00509807
10310 0.00414210
10320 0.00582507
10330 0.00402183
10340 0.00420852
10350 0.00497334
10360 0.00422069
10370 0.00387935
10380 0.00296503
10390 0.00507162
10400 0.00417435
10410 0.00355828
10420 0.00461634
10430 0.00491028
10440 0.00374559
10450 0.00444779
10460 0.00355969
10470 0.00575641
10480 0.00405383
10490 0.00404783
10500 0.00428579
10510 0.00467003
10520 0.00493072
10530 0.00634159
10540 0.00334745
10550 0.00463107
10560 0.00452010
10570 0.00360862
10580 0.00475424
10590 0.00467697
10600 0.00514090
10610 0.00456355
10620 0.00411700
10630 0.00346307
10640 0.00382317
10650 0.00588117
10660 0.00379993
10670 0.00694221
10680 0.00325952
10690 0.00488855
10700 0.00460197
10710 0.00480645
10720 0.00413983
10730 0.00482093
10740 0.00496514
10750 0.00468124
10760 0.00473062
10770 0.00515090
10780 0.00511445
10790 0.00431121
10800 0.00520559
10810 0.00368538
10820 0.00559000
10830 0.00487517
10840 0.00534238
10850 0.00581459
10860 0.00384479
10870 0.00517610
10880 0.00643614
10890 0.00485679
10900 0.00581852
10910 0.00499214
10920 0.00660648
10930 0.00758583
10940 0.00849155
10950 0.00815590
10960 0.01044786
10970 0.01061531
10980 0.00994707
10990 0.01076214
11000 0.01077938
